(kicad_pcb (version 20171130) (host pcbnew 5.0.2-bee76a0~70~ubuntu16.04.1)

  (general
    (thickness 1.6)
    (drawings 51)
    (tracks 89)
    (zones 0)
    (modules 37)
    (nets 31)
  )

  (page A4)
  (layers
    (0 F.Cu signal)
    (31 B.Cu signal)
    (36 B.SilkS user)
    (37 F.SilkS user)
    (38 B.Mask user)
    (39 F.Mask user)
    (44 Edge.Cuts user)
    (45 Margin user)
    (46 B.CrtYd user)
    (47 F.CrtYd user)
    (48 B.Fab user)
    (49 F.Fab user hide)
  )

  (setup
    (last_trace_width 0.254)
    (trace_clearance 0.254)
    (zone_clearance 0.508)
    (zone_45_only no)
    (trace_min 0.1524)
    (segment_width 0.2)
    (edge_width 0.15)
    (via_size 0.762)
    (via_drill 0.381)
    (via_min_size 0.6858)
    (via_min_drill 0.3302)
    (uvia_size 0.3)
    (uvia_drill 0.1)
    (uvias_allowed no)
    (uvia_min_size 0.2)
    (uvia_min_drill 0.1)
    (pcb_text_width 0.3)
    (pcb_text_size 1.5 1.5)
    (mod_edge_width 0.15)
    (mod_text_size 1 1)
    (mod_text_width 0.15)
    (pad_size 1.524 1.524)
    (pad_drill 0.762)
    (pad_to_mask_clearance 0.0508)
    (solder_mask_min_width 0.254)
    (aux_axis_origin 0 0)
    (visible_elements FFFFF77F)
    (pcbplotparams
      (layerselection 0x010fc_ffffffff)
      (usegerberextensions false)
      (usegerberattributes false)
      (usegerberadvancedattributes false)
      (creategerberjobfile false)
      (excludeedgelayer true)
      (linewidth 0.100000)
      (plotframeref false)
      (viasonmask false)
      (mode 1)
      (useauxorigin false)
      (hpglpennumber 1)
      (hpglpenspeed 20)
      (hpglpendiameter 15.000000)
      (psnegative false)
      (psa4output false)
      (plotreference true)
      (plotvalue true)
      (plotinvisibletext false)
      (padsonsilk false)
      (subtractmaskfromsilk false)
      (outputformat 1)
      (mirror false)
      (drillshape 1)
      (scaleselection 1)
      (outputdirectory ""))
  )

  (net 0 "")
  (net 1 "Net-(D1-Pad1)")
  (net 2 "Net-(D1-Pad2)")
  (net 3 "Net-(D2-Pad2)")
  (net 4 "Net-(D2-Pad1)")
  (net 5 "Net-(Q1-Pad1)")
  (net 6 "Net-(Q1-Pad3)")
  (net 7 "Net-(Q1-Pad2)")
  (net 8 "Net-(Q2-Pad2)")
  (net 9 GND)
  (net 10 "Net-(Q3-Pad1)")
  (net 11 "Net-(Q3-Pad3)")
  (net 12 "Net-(Q3-Pad2)")
  (net 13 "Net-(Q4-Pad2)")
  (net 14 "Net-(Q12-Pad2)")
  (net 15 "Net-(Q5-Pad2)")
  (net 16 "Net-(Q6-Pad1)")
  (net 17 "Net-(Q6-Pad3)")
  (net 18 "Net-(Q6-Pad2)")
  (net 19 "Net-(Q7-Pad2)")
  (net 20 "Net-(Q8-Pad1)")
  (net 21 "Net-(Q8-Pad3)")
  (net 22 "Net-(Q8-Pad2)")
  (net 23 "Net-(Q9-Pad2)")
  (net 24 "Net-(Q10-Pad1)")
  (net 25 "Net-(Q10-Pad3)")
  (net 26 "Net-(Q10-Pad2)")
  (net 27 "Net-(Q11-Pad2)")
  (net 28 VCC)
  (net 29 "Net-(R1-Pad1)")
  (net 30 "Net-(R13-Pad2)")

  (net_class Default "This is the default net class."
    (clearance 0.254)
    (trace_width 0.254)
    (via_dia 0.762)
    (via_drill 0.381)
    (uvia_dia 0.3)
    (uvia_drill 0.1)
    (add_net GND)
    (add_net "Net-(D1-Pad1)")
    (add_net "Net-(D1-Pad2)")
    (add_net "Net-(D2-Pad1)")
    (add_net "Net-(D2-Pad2)")
    (add_net "Net-(Q1-Pad1)")
    (add_net "Net-(Q1-Pad2)")
    (add_net "Net-(Q1-Pad3)")
    (add_net "Net-(Q10-Pad1)")
    (add_net "Net-(Q10-Pad2)")
    (add_net "Net-(Q10-Pad3)")
    (add_net "Net-(Q11-Pad2)")
    (add_net "Net-(Q12-Pad2)")
    (add_net "Net-(Q2-Pad2)")
    (add_net "Net-(Q3-Pad1)")
    (add_net "Net-(Q3-Pad2)")
    (add_net "Net-(Q3-Pad3)")
    (add_net "Net-(Q4-Pad2)")
    (add_net "Net-(Q5-Pad2)")
    (add_net "Net-(Q6-Pad1)")
    (add_net "Net-(Q6-Pad2)")
    (add_net "Net-(Q6-Pad3)")
    (add_net "Net-(Q7-Pad2)")
    (add_net "Net-(Q8-Pad1)")
    (add_net "Net-(Q8-Pad2)")
    (add_net "Net-(Q8-Pad3)")
    (add_net "Net-(Q9-Pad2)")
    (add_net "Net-(R1-Pad1)")
    (add_net "Net-(R13-Pad2)")
    (add_net VCC)
  )

  (module LED_THT:LED_D5.0mm (layer F.Cu) (tedit 5995936A) (tstamp 5D1DCA6B)
    (at 249.174 68.072 180)
    (descr "LED, diameter 5.0mm, 2 pins, http://cdn-reichelt.de/documents/datenblatt/A500/LL-504BC2E-009.pdf")
    (tags "LED diameter 5.0mm 2 pins")
    (path /5CFA2DF4)
    (fp_text reference D1 (at 1.27 -3.96 180) (layer F.SilkS)
      (effects (font (size 1 1) (thickness 0.15)))
    )
    (fp_text value LED (at 1.27 3.96 180) (layer F.Fab)
      (effects (font (size 1 1) (thickness 0.15)))
    )
    (fp_arc (start 1.27 0) (end -1.23 -1.469694) (angle 299.1) (layer F.Fab) (width 0.1))
    (fp_arc (start 1.27 0) (end -1.29 -1.54483) (angle 148.9) (layer F.SilkS) (width 0.12))
    (fp_arc (start 1.27 0) (end -1.29 1.54483) (angle -148.9) (layer F.SilkS) (width 0.12))
    (fp_circle (center 1.27 0) (end 3.77 0) (layer F.Fab) (width 0.1))
    (fp_circle (center 1.27 0) (end 3.77 0) (layer F.SilkS) (width 0.12))
    (fp_line (start -1.23 -1.469694) (end -1.23 1.469694) (layer F.Fab) (width 0.1))
    (fp_line (start -1.29 -1.545) (end -1.29 1.545) (layer F.SilkS) (width 0.12))
    (fp_line (start -1.95 -3.25) (end -1.95 3.25) (layer F.CrtYd) (width 0.05))
    (fp_line (start -1.95 3.25) (end 4.5 3.25) (layer F.CrtYd) (width 0.05))
    (fp_line (start 4.5 3.25) (end 4.5 -3.25) (layer F.CrtYd) (width 0.05))
    (fp_line (start 4.5 -3.25) (end -1.95 -3.25) (layer F.CrtYd) (width 0.05))
    (fp_text user %R (at 1.25 0 180) (layer F.Fab)
      (effects (font (size 0.8 0.8) (thickness 0.2)))
    )
    (pad 1 thru_hole rect (at 0 0 180) (size 1.8 1.8) (drill 0.9) (layers *.Cu *.Mask)
      (net 1 "Net-(D1-Pad1)"))
    (pad 2 thru_hole circle (at 2.54 0 180) (size 1.8 1.8) (drill 0.9) (layers *.Cu *.Mask)
      (net 2 "Net-(D1-Pad2)"))
    (model ${KISYS3DMOD}/LED_THT.3dshapes/LED_D5.0mm.wrl
      (at (xyz 0 0 0))
      (scale (xyz 1 1 1))
      (rotate (xyz 0 0 0))
    )
  )

  (module LED_THT:LED_D5.0mm (layer F.Cu) (tedit 5995936A) (tstamp 5D1DEA5A)
    (at 249.174 75.184 180)
    (descr "LED, diameter 5.0mm, 2 pins, http://cdn-reichelt.de/documents/datenblatt/A500/LL-504BC2E-009.pdf")
    (tags "LED diameter 5.0mm 2 pins")
    (path /5CFA6707)
    (fp_text reference D2 (at 1.27 -3.96 180) (layer F.SilkS)
      (effects (font (size 1 1) (thickness 0.15)))
    )
    (fp_text value LED (at 1.27 3.96 180) (layer F.Fab)
      (effects (font (size 1 1) (thickness 0.15)))
    )
    (fp_text user %R (at 1.25 0 180) (layer F.Fab)
      (effects (font (size 0.8 0.8) (thickness 0.2)))
    )
    (fp_line (start 4.5 -3.25) (end -1.95 -3.25) (layer F.CrtYd) (width 0.05))
    (fp_line (start 4.5 3.25) (end 4.5 -3.25) (layer F.CrtYd) (width 0.05))
    (fp_line (start -1.95 3.25) (end 4.5 3.25) (layer F.CrtYd) (width 0.05))
    (fp_line (start -1.95 -3.25) (end -1.95 3.25) (layer F.CrtYd) (width 0.05))
    (fp_line (start -1.29 -1.545) (end -1.29 1.545) (layer F.SilkS) (width 0.12))
    (fp_line (start -1.23 -1.469694) (end -1.23 1.469694) (layer F.Fab) (width 0.1))
    (fp_circle (center 1.27 0) (end 3.77 0) (layer F.SilkS) (width 0.12))
    (fp_circle (center 1.27 0) (end 3.77 0) (layer F.Fab) (width 0.1))
    (fp_arc (start 1.27 0) (end -1.29 1.54483) (angle -148.9) (layer F.SilkS) (width 0.12))
    (fp_arc (start 1.27 0) (end -1.29 -1.54483) (angle 148.9) (layer F.SilkS) (width 0.12))
    (fp_arc (start 1.27 0) (end -1.23 -1.469694) (angle 299.1) (layer F.Fab) (width 0.1))
    (pad 2 thru_hole circle (at 2.54 0 180) (size 1.8 1.8) (drill 0.9) (layers *.Cu *.Mask)
      (net 3 "Net-(D2-Pad2)"))
    (pad 1 thru_hole rect (at 0 0 180) (size 1.8 1.8) (drill 0.9) (layers *.Cu *.Mask)
      (net 4 "Net-(D2-Pad1)"))
    (model ${KISYS3DMOD}/LED_THT.3dshapes/LED_D5.0mm.wrl
      (at (xyz 0 0 0))
      (scale (xyz 1 1 1))
      (rotate (xyz 0 0 0))
    )
  )

  (module Package_TO_SOT_THT:TO-92_HandSolder (layer F.Cu) (tedit 5A282C46) (tstamp 5D1DCA8F)
    (at 120.142 44.958 90)
    (descr "TO-92 leads molded, narrow, drill 0.75mm, handsoldering variant with enlarged pads (see NXP sot054_po.pdf)")
    (tags "to-92 sc-43 sc-43a sot54 PA33 transistor")
    (path /5CF9A9F7)
    (fp_text reference Q1 (at 1.27 -4.4 90) (layer F.SilkS)
      (effects (font (size 1 1) (thickness 0.15)))
    )
    (fp_text value Q_NPN_EBC (at 1.27 2.79 90) (layer F.Fab)
      (effects (font (size 1 1) (thickness 0.15)))
    )
    (fp_arc (start 1.27 0) (end 2.05 -2.45) (angle 117.6433766) (layer F.SilkS) (width 0.12))
    (fp_arc (start 1.27 0) (end 1.27 -2.48) (angle -135) (layer F.Fab) (width 0.1))
    (fp_arc (start 1.27 0) (end 0.45 -2.45) (angle -116.9632683) (layer F.SilkS) (width 0.12))
    (fp_arc (start 1.27 0) (end 1.27 -2.48) (angle 135) (layer F.Fab) (width 0.1))
    (fp_line (start 4 2.01) (end -1.46 2.01) (layer F.CrtYd) (width 0.05))
    (fp_line (start 4 2.01) (end 4 -3.05) (layer F.CrtYd) (width 0.05))
    (fp_line (start -1.45 -3.05) (end -1.46 2.01) (layer F.CrtYd) (width 0.05))
    (fp_line (start -1.46 -3.05) (end 4 -3.05) (layer F.CrtYd) (width 0.05))
    (fp_line (start -0.5 1.75) (end 3 1.75) (layer F.Fab) (width 0.1))
    (fp_line (start -0.53 1.85) (end 3.07 1.85) (layer F.SilkS) (width 0.12))
    (fp_text user %R (at 1.27 -4.4 90) (layer F.Fab)
      (effects (font (size 1 1) (thickness 0.15)))
    )
    (pad 1 thru_hole rect (at 0 0 90) (size 1.1 1.8) (drill 0.75 (offset 0 0.4)) (layers *.Cu *.Mask)
      (net 5 "Net-(Q1-Pad1)"))
    (pad 3 thru_hole roundrect (at 2.54 0 90) (size 1.1 1.8) (drill 0.75 (offset 0 0.4)) (layers *.Cu *.Mask) (roundrect_rratio 0.25)
      (net 6 "Net-(Q1-Pad3)"))
    (pad 2 thru_hole roundrect (at 1.27 -1.27 90) (size 1.1 1.8) (drill 0.75 (offset 0 -0.4)) (layers *.Cu *.Mask) (roundrect_rratio 0.25)
      (net 7 "Net-(Q1-Pad2)"))
    (model ${KISYS3DMOD}/Package_TO_SOT_THT.3dshapes/TO-92.wrl
      (at (xyz 0 0 0))
      (scale (xyz 1 1 1))
      (rotate (xyz 0 0 0))
    )
  )

  (module Package_TO_SOT_THT:TO-92_HandSolder (layer F.Cu) (tedit 5A282C46) (tstamp 5D1DCAA1)
    (at 120.142 50.8 90)
    (descr "TO-92 leads molded, narrow, drill 0.75mm, handsoldering variant with enlarged pads (see NXP sot054_po.pdf)")
    (tags "to-92 sc-43 sc-43a sot54 PA33 transistor")
    (path /5CF9A9E8)
    (fp_text reference Q2 (at 1.27 -4.4 90) (layer F.SilkS)
      (effects (font (size 1 1) (thickness 0.15)))
    )
    (fp_text value Q_NPN_EBC (at 1.27 2.79 90) (layer F.Fab)
      (effects (font (size 1 1) (thickness 0.15)))
    )
    (fp_text user %R (at 1.27 -4.4 90) (layer F.Fab)
      (effects (font (size 1 1) (thickness 0.15)))
    )
    (fp_line (start -0.53 1.85) (end 3.07 1.85) (layer F.SilkS) (width 0.12))
    (fp_line (start -0.5 1.75) (end 3 1.75) (layer F.Fab) (width 0.1))
    (fp_line (start -1.46 -3.05) (end 4 -3.05) (layer F.CrtYd) (width 0.05))
    (fp_line (start -1.45 -3.05) (end -1.46 2.01) (layer F.CrtYd) (width 0.05))
    (fp_line (start 4 2.01) (end 4 -3.05) (layer F.CrtYd) (width 0.05))
    (fp_line (start 4 2.01) (end -1.46 2.01) (layer F.CrtYd) (width 0.05))
    (fp_arc (start 1.27 0) (end 1.27 -2.48) (angle 135) (layer F.Fab) (width 0.1))
    (fp_arc (start 1.27 0) (end 0.45 -2.45) (angle -116.9632683) (layer F.SilkS) (width 0.12))
    (fp_arc (start 1.27 0) (end 1.27 -2.48) (angle -135) (layer F.Fab) (width 0.1))
    (fp_arc (start 1.27 0) (end 2.05 -2.45) (angle 117.6433766) (layer F.SilkS) (width 0.12))
    (pad 2 thru_hole roundrect (at 1.27 -1.27 90) (size 1.1 1.8) (drill 0.75 (offset 0 -0.4)) (layers *.Cu *.Mask) (roundrect_rratio 0.25)
      (net 8 "Net-(Q2-Pad2)"))
    (pad 3 thru_hole roundrect (at 2.54 0 90) (size 1.1 1.8) (drill 0.75 (offset 0 0.4)) (layers *.Cu *.Mask) (roundrect_rratio 0.25)
      (net 5 "Net-(Q1-Pad1)"))
    (pad 1 thru_hole rect (at 0 0 90) (size 1.1 1.8) (drill 0.75 (offset 0 0.4)) (layers *.Cu *.Mask)
      (net 9 GND))
    (model ${KISYS3DMOD}/Package_TO_SOT_THT.3dshapes/TO-92.wrl
      (at (xyz 0 0 0))
      (scale (xyz 1 1 1))
      (rotate (xyz 0 0 0))
    )
  )

  (module Package_TO_SOT_THT:TO-92_HandSolder (layer F.Cu) (tedit 5CF88E70) (tstamp 5D1DCAB3)
    (at 112.014 125.222 90)
    (descr "TO-92 leads molded, narrow, drill 0.75mm, handsoldering variant with enlarged pads (see NXP sot054_po.pdf)")
    (tags "to-92 sc-43 sc-43a sot54 PA33 transistor")
    (path /5CF87355)
    (fp_text reference Q3 (at 1.27 3.048 180) (layer F.SilkS) hide
      (effects (font (size 1 1) (thickness 0.15)))
    )
    (fp_text value Q_NPN_EBC (at 1.27 2.79 90) (layer F.Fab)
      (effects (font (size 1 1) (thickness 0.15)))
    )
    (fp_arc (start 1.27 0) (end 2.05 -2.45) (angle 117.6433766) (layer F.SilkS) (width 0.12))
    (fp_arc (start 1.27 0) (end 1.27 -2.48) (angle -135) (layer F.Fab) (width 0.1))
    (fp_arc (start 1.27 0) (end 0.45 -2.45) (angle -116.9632683) (layer F.SilkS) (width 0.12))
    (fp_arc (start 1.27 0) (end 1.27 -2.48) (angle 135) (layer F.Fab) (width 0.1))
    (fp_line (start 4 2.01) (end -1.46 2.01) (layer F.CrtYd) (width 0.05))
    (fp_line (start 4 2.01) (end 4 -3.05) (layer F.CrtYd) (width 0.05))
    (fp_line (start -1.45 -3.05) (end -1.46 2.01) (layer F.CrtYd) (width 0.05))
    (fp_line (start -1.46 -3.05) (end 4 -3.05) (layer F.CrtYd) (width 0.05))
    (fp_line (start -0.5 1.75) (end 3 1.75) (layer F.Fab) (width 0.1))
    (fp_line (start -0.53 1.85) (end 3.07 1.85) (layer F.SilkS) (width 0.12))
    (fp_text user %R (at 1.27 -4.4 90) (layer F.Fab)
      (effects (font (size 1 1) (thickness 0.15)))
    )
    (pad 1 thru_hole rect (at 0 0 90) (size 1.1 1.8) (drill 0.75 (offset 0 0.4)) (layers *.Cu *.Mask)
      (net 10 "Net-(Q3-Pad1)"))
    (pad 3 thru_hole roundrect (at 2.54 0 90) (size 1.1 1.8) (drill 0.75 (offset 0 0.4)) (layers *.Cu *.Mask) (roundrect_rratio 0.25)
      (net 11 "Net-(Q3-Pad3)"))
    (pad 2 thru_hole roundrect (at 1.27 -1.27 90) (size 1.1 1.8) (drill 0.75 (offset 0 -0.4)) (layers *.Cu *.Mask) (roundrect_rratio 0.25)
      (net 12 "Net-(Q3-Pad2)"))
    (model ${KISYS3DMOD}/Package_TO_SOT_THT.3dshapes/TO-92.wrl
      (at (xyz 0 0 0))
      (scale (xyz 1 1 1))
      (rotate (xyz 0 0 0))
    )
  )

  (module Package_TO_SOT_THT:TO-92_HandSolder (layer F.Cu) (tedit 5CF88E78) (tstamp 5D1DCAC5)
    (at 112.014 131.064 90)
    (descr "TO-92 leads molded, narrow, drill 0.75mm, handsoldering variant with enlarged pads (see NXP sot054_po.pdf)")
    (tags "to-92 sc-43 sc-43a sot54 PA33 transistor")
    (path /5CF871B9)
    (fp_text reference Q4 (at 1.27 3.048 180) (layer F.SilkS) hide
      (effects (font (size 1 1) (thickness 0.15)))
    )
    (fp_text value Q_NPN_EBC (at 1.27 2.79 90) (layer F.Fab)
      (effects (font (size 1 1) (thickness 0.15)))
    )
    (fp_text user %R (at 1.27 -4.4 90) (layer F.Fab)
      (effects (font (size 1 1) (thickness 0.15)))
    )
    (fp_line (start -0.53 1.85) (end 3.07 1.85) (layer F.SilkS) (width 0.12))
    (fp_line (start -0.5 1.75) (end 3 1.75) (layer F.Fab) (width 0.1))
    (fp_line (start -1.46 -3.05) (end 4 -3.05) (layer F.CrtYd) (width 0.05))
    (fp_line (start -1.45 -3.05) (end -1.46 2.01) (layer F.CrtYd) (width 0.05))
    (fp_line (start 4 2.01) (end 4 -3.05) (layer F.CrtYd) (width 0.05))
    (fp_line (start 4 2.01) (end -1.46 2.01) (layer F.CrtYd) (width 0.05))
    (fp_arc (start 1.27 0) (end 1.27 -2.48) (angle 135) (layer F.Fab) (width 0.1))
    (fp_arc (start 1.27 0) (end 0.45 -2.45) (angle -116.9632683) (layer F.SilkS) (width 0.12))
    (fp_arc (start 1.27 0) (end 1.27 -2.48) (angle -135) (layer F.Fab) (width 0.1))
    (fp_arc (start 1.27 0) (end 2.05 -2.45) (angle 117.6433766) (layer F.SilkS) (width 0.12))
    (pad 2 thru_hole roundrect (at 1.27 -1.27 90) (size 1.1 1.8) (drill 0.75 (offset 0 -0.4)) (layers *.Cu *.Mask) (roundrect_rratio 0.25)
      (net 13 "Net-(Q4-Pad2)"))
    (pad 3 thru_hole roundrect (at 2.54 0 90) (size 1.1 1.8) (drill 0.75 (offset 0 0.4)) (layers *.Cu *.Mask) (roundrect_rratio 0.25)
      (net 10 "Net-(Q3-Pad1)"))
    (pad 1 thru_hole rect (at 0 0 90) (size 1.1 1.8) (drill 0.75 (offset 0 0.4)) (layers *.Cu *.Mask)
      (net 9 GND))
    (model ${KISYS3DMOD}/Package_TO_SOT_THT.3dshapes/TO-92.wrl
      (at (xyz 0 0 0))
      (scale (xyz 1 1 1))
      (rotate (xyz 0 0 0))
    )
  )

  (module Package_TO_SOT_THT:TO-92_HandSolder (layer F.Cu) (tedit 5A282C46) (tstamp 5D1DCAD7)
    (at 144.018 46.99 90)
    (descr "TO-92 leads molded, narrow, drill 0.75mm, handsoldering variant with enlarged pads (see NXP sot054_po.pdf)")
    (tags "to-92 sc-43 sc-43a sot54 PA33 transistor")
    (path /5CF9B181)
    (fp_text reference Q5 (at 1.27 -4.4 90) (layer F.SilkS)
      (effects (font (size 1 1) (thickness 0.15)))
    )
    (fp_text value Q_NPN_EBC (at 1.27 2.79 90) (layer F.Fab)
      (effects (font (size 1 1) (thickness 0.15)))
    )
    (fp_arc (start 1.27 0) (end 2.05 -2.45) (angle 117.6433766) (layer F.SilkS) (width 0.12))
    (fp_arc (start 1.27 0) (end 1.27 -2.48) (angle -135) (layer F.Fab) (width 0.1))
    (fp_arc (start 1.27 0) (end 0.45 -2.45) (angle -116.9632683) (layer F.SilkS) (width 0.12))
    (fp_arc (start 1.27 0) (end 1.27 -2.48) (angle 135) (layer F.Fab) (width 0.1))
    (fp_line (start 4 2.01) (end -1.46 2.01) (layer F.CrtYd) (width 0.05))
    (fp_line (start 4 2.01) (end 4 -3.05) (layer F.CrtYd) (width 0.05))
    (fp_line (start -1.45 -3.05) (end -1.46 2.01) (layer F.CrtYd) (width 0.05))
    (fp_line (start -1.46 -3.05) (end 4 -3.05) (layer F.CrtYd) (width 0.05))
    (fp_line (start -0.5 1.75) (end 3 1.75) (layer F.Fab) (width 0.1))
    (fp_line (start -0.53 1.85) (end 3.07 1.85) (layer F.SilkS) (width 0.12))
    (fp_text user %R (at 1.27 -4.4 90) (layer F.Fab)
      (effects (font (size 1 1) (thickness 0.15)))
    )
    (pad 1 thru_hole rect (at 0 0 90) (size 1.1 1.8) (drill 0.75 (offset 0 0.4)) (layers *.Cu *.Mask)
      (net 9 GND))
    (pad 3 thru_hole roundrect (at 2.54 0 90) (size 1.1 1.8) (drill 0.75 (offset 0 0.4)) (layers *.Cu *.Mask) (roundrect_rratio 0.25)
      (net 14 "Net-(Q12-Pad2)"))
    (pad 2 thru_hole roundrect (at 1.27 -1.27 90) (size 1.1 1.8) (drill 0.75 (offset 0 -0.4)) (layers *.Cu *.Mask) (roundrect_rratio 0.25)
      (net 15 "Net-(Q5-Pad2)"))
    (model ${KISYS3DMOD}/Package_TO_SOT_THT.3dshapes/TO-92.wrl
      (at (xyz 0 0 0))
      (scale (xyz 1 1 1))
      (rotate (xyz 0 0 0))
    )
  )

  (module Package_TO_SOT_THT:TO-92_HandSolder (layer F.Cu) (tedit 5CF8916C) (tstamp 5D1DCAE9)
    (at 138.684 115.062 90)
    (descr "TO-92 leads molded, narrow, drill 0.75mm, handsoldering variant with enlarged pads (see NXP sot054_po.pdf)")
    (tags "to-92 sc-43 sc-43a sot54 PA33 transistor")
    (path /5CF94601)
    (fp_text reference Q6 (at 1.27 2.794 90) (layer F.SilkS) hide
      (effects (font (size 1 1) (thickness 0.15)))
    )
    (fp_text value Q_NPN_EBC (at 1.27 2.79 90) (layer F.Fab)
      (effects (font (size 1 1) (thickness 0.15)))
    )
    (fp_arc (start 1.27 0) (end 2.05 -2.45) (angle 117.6433766) (layer F.SilkS) (width 0.12))
    (fp_arc (start 1.27 0) (end 1.27 -2.48) (angle -135) (layer F.Fab) (width 0.1))
    (fp_arc (start 1.27 0) (end 0.45 -2.45) (angle -116.9632683) (layer F.SilkS) (width 0.12))
    (fp_arc (start 1.27 0) (end 1.27 -2.48) (angle 135) (layer F.Fab) (width 0.1))
    (fp_line (start 4 2.01) (end -1.46 2.01) (layer F.CrtYd) (width 0.05))
    (fp_line (start 4 2.01) (end 4 -3.05) (layer F.CrtYd) (width 0.05))
    (fp_line (start -1.45 -3.05) (end -1.46 2.01) (layer F.CrtYd) (width 0.05))
    (fp_line (start -1.46 -3.05) (end 4 -3.05) (layer F.CrtYd) (width 0.05))
    (fp_line (start -0.5 1.75) (end 3 1.75) (layer F.Fab) (width 0.1))
    (fp_line (start -0.53 1.85) (end 3.07 1.85) (layer F.SilkS) (width 0.12))
    (fp_text user %R (at 1.27 -4.4 90) (layer F.Fab)
      (effects (font (size 1 1) (thickness 0.15)))
    )
    (pad 1 thru_hole rect (at 0 0 90) (size 1.1 1.8) (drill 0.75 (offset 0 0.4)) (layers *.Cu *.Mask)
      (net 16 "Net-(Q6-Pad1)"))
    (pad 3 thru_hole roundrect (at 2.54 0 90) (size 1.1 1.8) (drill 0.75 (offset 0 0.4)) (layers *.Cu *.Mask) (roundrect_rratio 0.25)
      (net 17 "Net-(Q6-Pad3)"))
    (pad 2 thru_hole roundrect (at 1.27 -1.27 90) (size 1.1 1.8) (drill 0.75 (offset 0 -0.4)) (layers *.Cu *.Mask) (roundrect_rratio 0.25)
      (net 18 "Net-(Q6-Pad2)"))
    (model ${KISYS3DMOD}/Package_TO_SOT_THT.3dshapes/TO-92.wrl
      (at (xyz 0 0 0))
      (scale (xyz 1 1 1))
      (rotate (xyz 0 0 0))
    )
  )

  (module Package_TO_SOT_THT:TO-92_HandSolder (layer F.Cu) (tedit 5CF8916A) (tstamp 5D1DCAFB)
    (at 138.684 120.904 90)
    (descr "TO-92 leads molded, narrow, drill 0.75mm, handsoldering variant with enlarged pads (see NXP sot054_po.pdf)")
    (tags "to-92 sc-43 sc-43a sot54 PA33 transistor")
    (path /5CF945F2)
    (fp_text reference Q7 (at 1.27 2.794 90) (layer F.SilkS) hide
      (effects (font (size 1 1) (thickness 0.15)))
    )
    (fp_text value Q_NPN_EBC (at 1.27 2.79 90) (layer F.Fab)
      (effects (font (size 1 1) (thickness 0.15)))
    )
    (fp_text user %R (at 1.27 -4.4 90) (layer F.Fab)
      (effects (font (size 1 1) (thickness 0.15)))
    )
    (fp_line (start -0.53 1.85) (end 3.07 1.85) (layer F.SilkS) (width 0.12))
    (fp_line (start -0.5 1.75) (end 3 1.75) (layer F.Fab) (width 0.1))
    (fp_line (start -1.46 -3.05) (end 4 -3.05) (layer F.CrtYd) (width 0.05))
    (fp_line (start -1.45 -3.05) (end -1.46 2.01) (layer F.CrtYd) (width 0.05))
    (fp_line (start 4 2.01) (end 4 -3.05) (layer F.CrtYd) (width 0.05))
    (fp_line (start 4 2.01) (end -1.46 2.01) (layer F.CrtYd) (width 0.05))
    (fp_arc (start 1.27 0) (end 1.27 -2.48) (angle 135) (layer F.Fab) (width 0.1))
    (fp_arc (start 1.27 0) (end 0.45 -2.45) (angle -116.9632683) (layer F.SilkS) (width 0.12))
    (fp_arc (start 1.27 0) (end 1.27 -2.48) (angle -135) (layer F.Fab) (width 0.1))
    (fp_arc (start 1.27 0) (end 2.05 -2.45) (angle 117.6433766) (layer F.SilkS) (width 0.12))
    (pad 2 thru_hole roundrect (at 1.27 -1.27 90) (size 1.1 1.8) (drill 0.75 (offset 0 -0.4)) (layers *.Cu *.Mask) (roundrect_rratio 0.25)
      (net 19 "Net-(Q7-Pad2)"))
    (pad 3 thru_hole roundrect (at 2.54 0 90) (size 1.1 1.8) (drill 0.75 (offset 0 0.4)) (layers *.Cu *.Mask) (roundrect_rratio 0.25)
      (net 16 "Net-(Q6-Pad1)"))
    (pad 1 thru_hole rect (at 0 0 90) (size 1.1 1.8) (drill 0.75 (offset 0 0.4)) (layers *.Cu *.Mask)
      (net 9 GND))
    (model ${KISYS3DMOD}/Package_TO_SOT_THT.3dshapes/TO-92.wrl
      (at (xyz 0 0 0))
      (scale (xyz 1 1 1))
      (rotate (xyz 0 0 0))
    )
  )

  (module Package_TO_SOT_THT:TO-92_HandSolder (layer F.Cu) (tedit 5CF88C36) (tstamp 5D1DFF50)
    (at 138.684 135.382 90)
    (descr "TO-92 leads molded, narrow, drill 0.75mm, handsoldering variant with enlarged pads (see NXP sot054_po.pdf)")
    (tags "to-92 sc-43 sc-43a sot54 PA33 transistor")
    (path /5CF94AF4)
    (fp_text reference Q8 (at 1.27 2.794 90) (layer F.SilkS) hide
      (effects (font (size 1 1) (thickness 0.15)))
    )
    (fp_text value Q_NPN_EBC (at 1.27 2.79 90) (layer F.Fab)
      (effects (font (size 1 1) (thickness 0.15)))
    )
    (fp_arc (start 1.27 0) (end 2.05 -2.45) (angle 117.6433766) (layer F.SilkS) (width 0.12))
    (fp_arc (start 1.27 0) (end 1.27 -2.48) (angle -135) (layer F.Fab) (width 0.1))
    (fp_arc (start 1.27 0) (end 0.45 -2.45) (angle -116.9632683) (layer F.SilkS) (width 0.12))
    (fp_arc (start 1.27 0) (end 1.27 -2.48) (angle 135) (layer F.Fab) (width 0.1))
    (fp_line (start 4 2.01) (end -1.46 2.01) (layer F.CrtYd) (width 0.05))
    (fp_line (start 4 2.01) (end 4 -3.05) (layer F.CrtYd) (width 0.05))
    (fp_line (start -1.45 -3.05) (end -1.46 2.01) (layer F.CrtYd) (width 0.05))
    (fp_line (start -1.46 -3.05) (end 4 -3.05) (layer F.CrtYd) (width 0.05))
    (fp_line (start -0.5 1.75) (end 3 1.75) (layer F.Fab) (width 0.1))
    (fp_line (start -0.53 1.85) (end 3.07 1.85) (layer F.SilkS) (width 0.12))
    (fp_text user %R (at 1.27 -4.4 90) (layer F.Fab)
      (effects (font (size 1 1) (thickness 0.15)))
    )
    (pad 1 thru_hole rect (at 0 0 90) (size 1.1 1.8) (drill 0.75 (offset 0 0.4)) (layers *.Cu *.Mask)
      (net 20 "Net-(Q8-Pad1)"))
    (pad 3 thru_hole roundrect (at 2.54 0 90) (size 1.1 1.8) (drill 0.75 (offset 0 0.4)) (layers *.Cu *.Mask) (roundrect_rratio 0.25)
      (net 21 "Net-(Q8-Pad3)"))
    (pad 2 thru_hole roundrect (at 1.27 -1.27 90) (size 1.1 1.8) (drill 0.75 (offset 0 -0.4)) (layers *.Cu *.Mask) (roundrect_rratio 0.25)
      (net 22 "Net-(Q8-Pad2)"))
    (model ${KISYS3DMOD}/Package_TO_SOT_THT.3dshapes/TO-92.wrl
      (at (xyz 0 0 0))
      (scale (xyz 1 1 1))
      (rotate (xyz 0 0 0))
    )
  )

  (module Package_TO_SOT_THT:TO-92_HandSolder (layer F.Cu) (tedit 5CF88C39) (tstamp 5D1DFECC)
    (at 138.684 141.224 90)
    (descr "TO-92 leads molded, narrow, drill 0.75mm, handsoldering variant with enlarged pads (see NXP sot054_po.pdf)")
    (tags "to-92 sc-43 sc-43a sot54 PA33 transistor")
    (path /5CF94AE5)
    (fp_text reference Q9 (at 1.27 2.794 90) (layer F.SilkS) hide
      (effects (font (size 1 1) (thickness 0.15)))
    )
    (fp_text value Q_NPN_EBC (at 1.27 2.79 90) (layer F.Fab)
      (effects (font (size 1 1) (thickness 0.15)))
    )
    (fp_text user %R (at 1.27 -4.4 90) (layer F.Fab)
      (effects (font (size 1 1) (thickness 0.15)))
    )
    (fp_line (start -0.53 1.85) (end 3.07 1.85) (layer F.SilkS) (width 0.12))
    (fp_line (start -0.5 1.75) (end 3 1.75) (layer F.Fab) (width 0.1))
    (fp_line (start -1.46 -3.05) (end 4 -3.05) (layer F.CrtYd) (width 0.05))
    (fp_line (start -1.45 -3.05) (end -1.46 2.01) (layer F.CrtYd) (width 0.05))
    (fp_line (start 4 2.01) (end 4 -3.05) (layer F.CrtYd) (width 0.05))
    (fp_line (start 4 2.01) (end -1.46 2.01) (layer F.CrtYd) (width 0.05))
    (fp_arc (start 1.27 0) (end 1.27 -2.48) (angle 135) (layer F.Fab) (width 0.1))
    (fp_arc (start 1.27 0) (end 0.45 -2.45) (angle -116.9632683) (layer F.SilkS) (width 0.12))
    (fp_arc (start 1.27 0) (end 1.27 -2.48) (angle -135) (layer F.Fab) (width 0.1))
    (fp_arc (start 1.27 0) (end 2.05 -2.45) (angle 117.6433766) (layer F.SilkS) (width 0.12))
    (pad 2 thru_hole roundrect (at 1.27 -1.27 90) (size 1.1 1.8) (drill 0.75 (offset 0 -0.4)) (layers *.Cu *.Mask) (roundrect_rratio 0.25)
      (net 23 "Net-(Q9-Pad2)"))
    (pad 3 thru_hole roundrect (at 2.54 0 90) (size 1.1 1.8) (drill 0.75 (offset 0 0.4)) (layers *.Cu *.Mask) (roundrect_rratio 0.25)
      (net 20 "Net-(Q8-Pad1)"))
    (pad 1 thru_hole rect (at 0 0 90) (size 1.1 1.8) (drill 0.75 (offset 0 0.4)) (layers *.Cu *.Mask)
      (net 9 GND))
    (model ${KISYS3DMOD}/Package_TO_SOT_THT.3dshapes/TO-92.wrl
      (at (xyz 0 0 0))
      (scale (xyz 1 1 1))
      (rotate (xyz 0 0 0))
    )
  )

  (module Package_TO_SOT_THT:TO-92_HandSolder (layer F.Cu) (tedit 5CF891EF) (tstamp 5D1E18DC)
    (at 165.354 125.222 90)
    (descr "TO-92 leads molded, narrow, drill 0.75mm, handsoldering variant with enlarged pads (see NXP sot054_po.pdf)")
    (tags "to-92 sc-43 sc-43a sot54 PA33 transistor")
    (path /5CF95FEB)
    (fp_text reference Q10 (at 1.27 2.794 90) (layer F.SilkS) hide
      (effects (font (size 1 1) (thickness 0.15)))
    )
    (fp_text value Q_NPN_EBC (at 1.27 2.79 90) (layer F.Fab)
      (effects (font (size 1 1) (thickness 0.15)))
    )
    (fp_arc (start 1.27 0) (end 2.05 -2.45) (angle 117.6433766) (layer F.SilkS) (width 0.12))
    (fp_arc (start 1.27 0) (end 1.27 -2.48) (angle -135) (layer F.Fab) (width 0.1))
    (fp_arc (start 1.27 0) (end 0.45 -2.45) (angle -116.9632683) (layer F.SilkS) (width 0.12))
    (fp_arc (start 1.27 0) (end 1.27 -2.48) (angle 135) (layer F.Fab) (width 0.1))
    (fp_line (start 4 2.01) (end -1.46 2.01) (layer F.CrtYd) (width 0.05))
    (fp_line (start 4 2.01) (end 4 -3.05) (layer F.CrtYd) (width 0.05))
    (fp_line (start -1.45 -3.05) (end -1.46 2.01) (layer F.CrtYd) (width 0.05))
    (fp_line (start -1.46 -3.05) (end 4 -3.05) (layer F.CrtYd) (width 0.05))
    (fp_line (start -0.5 1.75) (end 3 1.75) (layer F.Fab) (width 0.1))
    (fp_line (start -0.53 1.85) (end 3.07 1.85) (layer F.SilkS) (width 0.12))
    (fp_text user %R (at 1.27 -4.4 90) (layer F.Fab)
      (effects (font (size 1 1) (thickness 0.15)))
    )
    (pad 1 thru_hole rect (at 0 0 90) (size 1.1 1.8) (drill 0.75 (offset 0 0.4)) (layers *.Cu *.Mask)
      (net 24 "Net-(Q10-Pad1)"))
    (pad 3 thru_hole roundrect (at 2.54 0 90) (size 1.1 1.8) (drill 0.75 (offset 0 0.4)) (layers *.Cu *.Mask) (roundrect_rratio 0.25)
      (net 25 "Net-(Q10-Pad3)"))
    (pad 2 thru_hole roundrect (at 1.27 -1.27 90) (size 1.1 1.8) (drill 0.75 (offset 0 -0.4)) (layers *.Cu *.Mask) (roundrect_rratio 0.25)
      (net 26 "Net-(Q10-Pad2)"))
    (model ${KISYS3DMOD}/Package_TO_SOT_THT.3dshapes/TO-92.wrl
      (at (xyz 0 0 0))
      (scale (xyz 1 1 1))
      (rotate (xyz 0 0 0))
    )
  )

  (module Package_TO_SOT_THT:TO-92_HandSolder (layer F.Cu) (tedit 5CF8920A) (tstamp 5D1E198D)
    (at 165.354 131.064 90)
    (descr "TO-92 leads molded, narrow, drill 0.75mm, handsoldering variant with enlarged pads (see NXP sot054_po.pdf)")
    (tags "to-92 sc-43 sc-43a sot54 PA33 transistor")
    (path /5CF95FDC)
    (fp_text reference Q11 (at 1.27 2.794 90) (layer F.SilkS) hide
      (effects (font (size 1 1) (thickness 0.15)))
    )
    (fp_text value Q_NPN_EBC (at 1.27 2.79 90) (layer F.Fab)
      (effects (font (size 1 1) (thickness 0.15)))
    )
    (fp_text user %R (at 1.27 -4.4 90) (layer F.Fab)
      (effects (font (size 1 1) (thickness 0.15)))
    )
    (fp_line (start -0.53 1.85) (end 3.07 1.85) (layer F.SilkS) (width 0.12))
    (fp_line (start -0.5 1.75) (end 3 1.75) (layer F.Fab) (width 0.1))
    (fp_line (start -1.46 -3.05) (end 4 -3.05) (layer F.CrtYd) (width 0.05))
    (fp_line (start -1.45 -3.05) (end -1.46 2.01) (layer F.CrtYd) (width 0.05))
    (fp_line (start 4 2.01) (end 4 -3.05) (layer F.CrtYd) (width 0.05))
    (fp_line (start 4 2.01) (end -1.46 2.01) (layer F.CrtYd) (width 0.05))
    (fp_arc (start 1.27 0) (end 1.27 -2.48) (angle 135) (layer F.Fab) (width 0.1))
    (fp_arc (start 1.27 0) (end 0.45 -2.45) (angle -116.9632683) (layer F.SilkS) (width 0.12))
    (fp_arc (start 1.27 0) (end 1.27 -2.48) (angle -135) (layer F.Fab) (width 0.1))
    (fp_arc (start 1.27 0) (end 2.05 -2.45) (angle 117.6433766) (layer F.SilkS) (width 0.12))
    (pad 2 thru_hole roundrect (at 1.27 -1.27 90) (size 1.1 1.8) (drill 0.75 (offset 0 -0.4)) (layers *.Cu *.Mask) (roundrect_rratio 0.25)
      (net 27 "Net-(Q11-Pad2)"))
    (pad 3 thru_hole roundrect (at 2.54 0 90) (size 1.1 1.8) (drill 0.75 (offset 0 0.4)) (layers *.Cu *.Mask) (roundrect_rratio 0.25)
      (net 24 "Net-(Q10-Pad1)"))
    (pad 1 thru_hole rect (at 0 0 90) (size 1.1 1.8) (drill 0.75 (offset 0 0.4)) (layers *.Cu *.Mask)
      (net 9 GND))
    (model ${KISYS3DMOD}/Package_TO_SOT_THT.3dshapes/TO-92.wrl
      (at (xyz 0 0 0))
      (scale (xyz 1 1 1))
      (rotate (xyz 0 0 0))
    )
  )

  (module Package_TO_SOT_THT:TO-92_HandSolder (layer F.Cu) (tedit 5A282C46) (tstamp 5D1DCB55)
    (at 242.062 69.85 90)
    (descr "TO-92 leads molded, narrow, drill 0.75mm, handsoldering variant with enlarged pads (see NXP sot054_po.pdf)")
    (tags "to-92 sc-43 sc-43a sot54 PA33 transistor")
    (path /5CFA30A0)
    (fp_text reference Q12 (at 1.27 -4.4 90) (layer F.SilkS)
      (effects (font (size 1 1) (thickness 0.15)))
    )
    (fp_text value Q_NPN_EBC (at 1.27 2.79 90) (layer F.Fab)
      (effects (font (size 1 1) (thickness 0.15)))
    )
    (fp_text user %R (at 1.27 -4.4 90) (layer F.Fab)
      (effects (font (size 1 1) (thickness 0.15)))
    )
    (fp_line (start -0.53 1.85) (end 3.07 1.85) (layer F.SilkS) (width 0.12))
    (fp_line (start -0.5 1.75) (end 3 1.75) (layer F.Fab) (width 0.1))
    (fp_line (start -1.46 -3.05) (end 4 -3.05) (layer F.CrtYd) (width 0.05))
    (fp_line (start -1.45 -3.05) (end -1.46 2.01) (layer F.CrtYd) (width 0.05))
    (fp_line (start 4 2.01) (end 4 -3.05) (layer F.CrtYd) (width 0.05))
    (fp_line (start 4 2.01) (end -1.46 2.01) (layer F.CrtYd) (width 0.05))
    (fp_arc (start 1.27 0) (end 1.27 -2.48) (angle 135) (layer F.Fab) (width 0.1))
    (fp_arc (start 1.27 0) (end 0.45 -2.45) (angle -116.9632683) (layer F.SilkS) (width 0.12))
    (fp_arc (start 1.27 0) (end 1.27 -2.48) (angle -135) (layer F.Fab) (width 0.1))
    (fp_arc (start 1.27 0) (end 2.05 -2.45) (angle 117.6433766) (layer F.SilkS) (width 0.12))
    (pad 2 thru_hole roundrect (at 1.27 -1.27 90) (size 1.1 1.8) (drill 0.75 (offset 0 -0.4)) (layers *.Cu *.Mask) (roundrect_rratio 0.25)
      (net 14 "Net-(Q12-Pad2)"))
    (pad 3 thru_hole roundrect (at 2.54 0 90) (size 1.1 1.8) (drill 0.75 (offset 0 0.4)) (layers *.Cu *.Mask) (roundrect_rratio 0.25)
      (net 28 VCC))
    (pad 1 thru_hole rect (at 0 0 90) (size 1.1 1.8) (drill 0.75 (offset 0 0.4)) (layers *.Cu *.Mask)
      (net 2 "Net-(D1-Pad2)"))
    (model ${KISYS3DMOD}/Package_TO_SOT_THT.3dshapes/TO-92.wrl
      (at (xyz 0 0 0))
      (scale (xyz 1 1 1))
      (rotate (xyz 0 0 0))
    )
  )

  (module Package_TO_SOT_THT:TO-92_HandSolder (layer F.Cu) (tedit 5A282C46) (tstamp 5D1DCB67)
    (at 242.062 75.946 90)
    (descr "TO-92 leads molded, narrow, drill 0.75mm, handsoldering variant with enlarged pads (see NXP sot054_po.pdf)")
    (tags "to-92 sc-43 sc-43a sot54 PA33 transistor")
    (path /5CFA6716)
    (fp_text reference Q13 (at 1.27 -4.4 90) (layer F.SilkS)
      (effects (font (size 1 1) (thickness 0.15)))
    )
    (fp_text value Q_NPN_EBC (at 1.27 2.79 90) (layer F.Fab)
      (effects (font (size 1 1) (thickness 0.15)))
    )
    (fp_text user %R (at 1.27 -4.4 90) (layer F.Fab)
      (effects (font (size 1 1) (thickness 0.15)))
    )
    (fp_line (start -0.53 1.85) (end 3.07 1.85) (layer F.SilkS) (width 0.12))
    (fp_line (start -0.5 1.75) (end 3 1.75) (layer F.Fab) (width 0.1))
    (fp_line (start -1.46 -3.05) (end 4 -3.05) (layer F.CrtYd) (width 0.05))
    (fp_line (start -1.45 -3.05) (end -1.46 2.01) (layer F.CrtYd) (width 0.05))
    (fp_line (start 4 2.01) (end 4 -3.05) (layer F.CrtYd) (width 0.05))
    (fp_line (start 4 2.01) (end -1.46 2.01) (layer F.CrtYd) (width 0.05))
    (fp_arc (start 1.27 0) (end 1.27 -2.48) (angle 135) (layer F.Fab) (width 0.1))
    (fp_arc (start 1.27 0) (end 0.45 -2.45) (angle -116.9632683) (layer F.SilkS) (width 0.12))
    (fp_arc (start 1.27 0) (end 1.27 -2.48) (angle -135) (layer F.Fab) (width 0.1))
    (fp_arc (start 1.27 0) (end 2.05 -2.45) (angle 117.6433766) (layer F.SilkS) (width 0.12))
    (pad 2 thru_hole roundrect (at 1.27 -1.27 90) (size 1.1 1.8) (drill 0.75 (offset 0 -0.4)) (layers *.Cu *.Mask) (roundrect_rratio 0.25)
      (net 25 "Net-(Q10-Pad3)"))
    (pad 3 thru_hole roundrect (at 2.54 0 90) (size 1.1 1.8) (drill 0.75 (offset 0 0.4)) (layers *.Cu *.Mask) (roundrect_rratio 0.25)
      (net 28 VCC))
    (pad 1 thru_hole rect (at 0 0 90) (size 1.1 1.8) (drill 0.75 (offset 0 0.4)) (layers *.Cu *.Mask)
      (net 3 "Net-(D2-Pad2)"))
    (model ${KISYS3DMOD}/Package_TO_SOT_THT.3dshapes/TO-92.wrl
      (at (xyz 0 0 0))
      (scale (xyz 1 1 1))
      (rotate (xyz 0 0 0))
    )
  )

  (module Resistor_THT:R_Axial_DIN0207_L6.3mm_D2.5mm_P7.62mm_Horizontal (layer F.Cu) (tedit 5AE5139B) (tstamp 5D1DCB7E)
    (at 79.756 40.386)
    (descr "Resistor, Axial_DIN0207 series, Axial, Horizontal, pin pitch=7.62mm, 0.25W = 1/4W, length*diameter=6.3*2.5mm^2, http://cdn-reichelt.de/documents/datenblatt/B400/1_4W%23YAG.pdf")
    (tags "Resistor Axial_DIN0207 series Axial Horizontal pin pitch 7.62mm 0.25W = 1/4W length 6.3mm diameter 2.5mm")
    (path /5CF80AF3)
    (fp_text reference R1 (at 3.81 -2.37) (layer F.SilkS)
      (effects (font (size 1 1) (thickness 0.15)))
    )
    (fp_text value 10k (at 3.81 2.37) (layer F.Fab)
      (effects (font (size 1 1) (thickness 0.15)))
    )
    (fp_line (start 0.66 -1.25) (end 0.66 1.25) (layer F.Fab) (width 0.1))
    (fp_line (start 0.66 1.25) (end 6.96 1.25) (layer F.Fab) (width 0.1))
    (fp_line (start 6.96 1.25) (end 6.96 -1.25) (layer F.Fab) (width 0.1))
    (fp_line (start 6.96 -1.25) (end 0.66 -1.25) (layer F.Fab) (width 0.1))
    (fp_line (start 0 0) (end 0.66 0) (layer F.Fab) (width 0.1))
    (fp_line (start 7.62 0) (end 6.96 0) (layer F.Fab) (width 0.1))
    (fp_line (start 0.54 -1.04) (end 0.54 -1.37) (layer F.SilkS) (width 0.12))
    (fp_line (start 0.54 -1.37) (end 7.08 -1.37) (layer F.SilkS) (width 0.12))
    (fp_line (start 7.08 -1.37) (end 7.08 -1.04) (layer F.SilkS) (width 0.12))
    (fp_line (start 0.54 1.04) (end 0.54 1.37) (layer F.SilkS) (width 0.12))
    (fp_line (start 0.54 1.37) (end 7.08 1.37) (layer F.SilkS) (width 0.12))
    (fp_line (start 7.08 1.37) (end 7.08 1.04) (layer F.SilkS) (width 0.12))
    (fp_line (start -1.05 -1.5) (end -1.05 1.5) (layer F.CrtYd) (width 0.05))
    (fp_line (start -1.05 1.5) (end 8.67 1.5) (layer F.CrtYd) (width 0.05))
    (fp_line (start 8.67 1.5) (end 8.67 -1.5) (layer F.CrtYd) (width 0.05))
    (fp_line (start 8.67 -1.5) (end -1.05 -1.5) (layer F.CrtYd) (width 0.05))
    (fp_text user %R (at 3.81 0) (layer F.Fab)
      (effects (font (size 1 1) (thickness 0.15)))
    )
    (pad 1 thru_hole circle (at 0 0) (size 1.6 1.6) (drill 0.8) (layers *.Cu *.Mask)
      (net 29 "Net-(R1-Pad1)"))
    (pad 2 thru_hole oval (at 7.62 0) (size 1.6 1.6) (drill 0.8) (layers *.Cu *.Mask)
      (net 9 GND))
    (model ${KISYS3DMOD}/Resistor_THT.3dshapes/R_Axial_DIN0207_L6.3mm_D2.5mm_P7.62mm_Horizontal.wrl
      (at (xyz 0 0 0))
      (scale (xyz 1 1 1))
      (rotate (xyz 0 0 0))
    )
  )

  (module Resistor_THT:R_Axial_DIN0207_L6.3mm_D2.5mm_P7.62mm_Horizontal (layer F.Cu) (tedit 5AE5139B) (tstamp 5D1DCB95)
    (at 79.756 47.244)
    (descr "Resistor, Axial_DIN0207 series, Axial, Horizontal, pin pitch=7.62mm, 0.25W = 1/4W, length*diameter=6.3*2.5mm^2, http://cdn-reichelt.de/documents/datenblatt/B400/1_4W%23YAG.pdf")
    (tags "Resistor Axial_DIN0207 series Axial Horizontal pin pitch 7.62mm 0.25W = 1/4W length 6.3mm diameter 2.5mm")
    (path /5CF80B47)
    (fp_text reference R2 (at 3.81 -2.37) (layer F.SilkS)
      (effects (font (size 1 1) (thickness 0.15)))
    )
    (fp_text value 10k (at 3.81 2.37) (layer F.Fab)
      (effects (font (size 1 1) (thickness 0.15)))
    )
    (fp_text user %R (at 3.81 0) (layer F.Fab)
      (effects (font (size 1 1) (thickness 0.15)))
    )
    (fp_line (start 8.67 -1.5) (end -1.05 -1.5) (layer F.CrtYd) (width 0.05))
    (fp_line (start 8.67 1.5) (end 8.67 -1.5) (layer F.CrtYd) (width 0.05))
    (fp_line (start -1.05 1.5) (end 8.67 1.5) (layer F.CrtYd) (width 0.05))
    (fp_line (start -1.05 -1.5) (end -1.05 1.5) (layer F.CrtYd) (width 0.05))
    (fp_line (start 7.08 1.37) (end 7.08 1.04) (layer F.SilkS) (width 0.12))
    (fp_line (start 0.54 1.37) (end 7.08 1.37) (layer F.SilkS) (width 0.12))
    (fp_line (start 0.54 1.04) (end 0.54 1.37) (layer F.SilkS) (width 0.12))
    (fp_line (start 7.08 -1.37) (end 7.08 -1.04) (layer F.SilkS) (width 0.12))
    (fp_line (start 0.54 -1.37) (end 7.08 -1.37) (layer F.SilkS) (width 0.12))
    (fp_line (start 0.54 -1.04) (end 0.54 -1.37) (layer F.SilkS) (width 0.12))
    (fp_line (start 7.62 0) (end 6.96 0) (layer F.Fab) (width 0.1))
    (fp_line (start 0 0) (end 0.66 0) (layer F.Fab) (width 0.1))
    (fp_line (start 6.96 -1.25) (end 0.66 -1.25) (layer F.Fab) (width 0.1))
    (fp_line (start 6.96 1.25) (end 6.96 -1.25) (layer F.Fab) (width 0.1))
    (fp_line (start 0.66 1.25) (end 6.96 1.25) (layer F.Fab) (width 0.1))
    (fp_line (start 0.66 -1.25) (end 0.66 1.25) (layer F.Fab) (width 0.1))
    (pad 2 thru_hole oval (at 7.62 0) (size 1.6 1.6) (drill 0.8) (layers *.Cu *.Mask)
      (net 9 GND))
    (pad 1 thru_hole circle (at 0 0) (size 1.6 1.6) (drill 0.8) (layers *.Cu *.Mask)
      (net 30 "Net-(R13-Pad2)"))
    (model ${KISYS3DMOD}/Resistor_THT.3dshapes/R_Axial_DIN0207_L6.3mm_D2.5mm_P7.62mm_Horizontal.wrl
      (at (xyz 0 0 0))
      (scale (xyz 1 1 1))
      (rotate (xyz 0 0 0))
    )
  )

  (module Resistor_THT:R_Axial_DIN0207_L6.3mm_D2.5mm_P7.62mm_Horizontal (layer F.Cu) (tedit 5AE5139B) (tstamp 5D1DCBAC)
    (at 115.57 45.974 180)
    (descr "Resistor, Axial_DIN0207 series, Axial, Horizontal, pin pitch=7.62mm, 0.25W = 1/4W, length*diameter=6.3*2.5mm^2, http://cdn-reichelt.de/documents/datenblatt/B400/1_4W%23YAG.pdf")
